FY 2008,Profits,Trend,,,,
July,"$5,000",,,,,
August,"$7,000","$2,000",,,,
September,"$10,000","$3,000",,,,
October,"$2,500","-$7,500",,,,
November,"$4,000","$1,500",,,,
December,"$9,800","$5,800",,,,
January,"$5,400","-$4,400",,,,
February,"$6,700","$1,300",,,,
March,"$4,300","-$2,400",,,,
April,"$11,000","$6,700",,,,
May,"$12,500","$1,500",,,,
June,"$9,800","-$2,700",,,,
,,,,,,